000
+012
+020
+098
+100
+110
+111
+117
+162
+203
+204
+205
+206
+217
+218
+219
+220
+222
+231
+236
+237
+238
+239
+252
+304
+331
+335
+347
+354
+361
+364
+385
+394
+395
+402
+403
+434
+438
+440
+445
+462
+464
+466
+494
+495
+535
+541
+551
+552
+558
+562
+585
+599
+610
+645
+650
+653
+655
+658
+664
+738
+799
+802
+806
+807
+863
+883
+4726
+4748
+4751
+20002
+20007
+20122
+20141
+20187
+20224
+20237
+20245
+20270
+20271
+20272
+20278
+20348
+20360
+20365
+20367
+20368
+20371
+20378
+20458
+20459
+20460
+20461
+20468
+20520
+30100