-007
-010
-011
-029
-051
-056
-057
-058
-060
-078
-079
-084
-087
-096
-097
-101
-102
-103
-104
-105
-107
-108
-109
-110
-111
-112
-113
-114
-115
-117
-118
-119
-120
-121
-122
-123
-125
-126
-127
-128
-129
-130
-131
-132
-133
-134
-136
-137
-138
-142
-144
-147
-148
-150
-151
-152
-153
-154
-156
-157
-158
-159
-160
-161
-164
-170
-171
-173
-180
-181
-182
-183
-184
-185
-186
-187
-188
-189
-190
-191
-197
-198
-199
-203
-204
-205
-206
-208
-212
-214
-216
-219
-220
-221
-222
-224
-225
-227
-228
-229
-240
-242
-243
-244
-245
-246
-247
-248
-249
-250
-251
-253
-254
-270
-300
-301
-302
-303
-304
-305
-309
-310
-311
-312
-313
-314
-327
-330
-331
-332
-333
-336
-338
-340
-341
-342
-343
-344
-345
-346
-348
-350
-351
-352
-353
-354
-355
-356
-359
-363
-365
-372
-373
-374
-390
-392
-393
-396
-397
-398
-399
-400
-401
-402
-404
-405
-406
-407
-408
-409
-410
-412
-413
-414
-415
-416
-417
-418
-419
-420
-421
-423
-426
-427
-430
-431
-433
-435
-438
-440
-441
-443
-444
-449
-450
-451
-452
-453
-454
-455
-456
-457
-458
-461
-469
-470
-471
-472
-473
-475
-476
-478
-480
-482
-483
-487
-490
-491
-492
-495
-496
-497
-499
-500
-501
-502
-503
-504
-507
-508
-509
-510
-511
-512
-513
-514
-516
-517
-518
-519
-525
-526
-530
-531
-532
-533
-534
-536
-537
-538
-539
-540
-542
-543
-544
-545
-546
-548
-549
-551
-552
-553
-554
-555
-556
-557
-559
-562
-567
-571
-573
-574
-575
-577
-578
-579
-580
-581
-582
-583
-584
-585
-586
-589
-590
-592
-593
-594
-601
-602
-603
-604
-607
-611
-612
-613
-614
-615
-616
-618
-619
-620
-621
-622
-623
-624
-625
-626
-627
-628
-629
-631
-632
-633
-634
-635
-636
-637
-638
-639
-640
-643
-644
-646
-647
-650
-651
-652
-653
-655
-658
-660
-661
-662
-663
-665
-666
-667
-668
-669
-670
-671
-672
-676
-677
-678
-679
-680
-681
-682
-683
-684
-685
-686
-687
-688
-689
-690
-691
-692
-693
-694
-695
-696
-697
-713
-715
-716
-717
-718
-719
-720
-721
-722
-723
-724
-725
-726
-729
-730
-731
-732
-733
-734
-735
-736
-737
-739
-740
-741
-742
-746
-747
-748
-750
-751
-752
-763
-764
-765
-766
-767
-768
-769
-770
-771
-773
-775
-776
-778
-779
-780
-781
-782
-783
-784
-785
-787
-797
-798
-802
-803
-804
-805
-807
-808
-811
-812
-817
-818
-819
-820
-822
-840
-842
-843
-845
-846
-867
-870
-872
-873
-874
-875
-876
-877
-878
-879
-880
-881
-882
-900
-901
-902
-904
-905
-906
-908
-909
-910
-911
-913
-917
-918
-919
-922
-923
-924
-925
-926
-927
-929
-939
-947
-948
-950
-951
-952
-981
-989
-991
-992
-1403
-1760
-2001
-4302
-4700
-4701
-4704
-4705
-4706
-4709
-4710
-4727
-4730
-4731
-4732
-4733
-4734
-4735
-4736
-4737
-4738
-4739
-4742
-4746
-4747
-4751
-4753
-5001
-5012
-7008
-16000
-16001
-16002
-16003
-16005
-16007
-16009
-16011
-16012
-16015
-16016
-16020
-16022
-16023
-16024
-16026
-16029
-16031
-16032
-16033
-16036
-16038
-16041
-16046
-16047
-16048
-16049
-16051
-16052
-16055
-16056
-16057
-16061
-16065
-16066
-16067
-16068
-16069
-16075
-16080
-16081
-16085
-16086
-16087
-16088
-16089
-16246
-16247
-16248
-16249
-16250
-16251
-16252
-16253
-16254
-16255
-16257
-16258
-16259
-16260
-16262
-16265
-16266
-20003
-20004
-20005
-20008
-20016
-20019
-20046
-20058
-20060
-20070
-20071
-20072
-20073
-20074
-20091
-20092
-20093
-20094
-20100
-20101
-20102
-20104
-20106
-20107
-20108
-20110
-20111
-20117
-20120
-20123
-20124
-20125
-20127
-20129
-20142
-20143
-20144
-20146
-20147
-20148
-20163
-20165
-20166
-20177
-20178
-20179
-20180
-20181
-20182
-20183
-20185
-20186
-20200
-20201
-20202
-20203
-20204
-20207
-20210
-20211
-20212
-20213
-20223
-20224
-20227
-20228
-20232
-20235
-20240
-20248
-20249
-20252
-20257
-20258
-20260
-20264
-20265
-20266
-20275
-20276
-20279
-20281
-20283
-20286
-20289
-20295
-20300
-20304
-20305
-20306
-20310
-20311
-20312
-20313
-20314
-20315
-20326
-20327
-20328
-20329
-20330
-20331
-20332
-20335
-20338
-20339
-20340
-20345
-20353
-20354
-20355
-20356
-20361
-20362
-20363
-20365
-20366
-20369
-20372
-20373
-20374
-20377
-20380
-20381
-20382
-20385
-20398
-20399
-20400
-20409
-20410
-20411
-20412
-20422
-20423
-20424
-20425
-20426
-20427
-20428
-20433
-20434
-20444
-20447
-20448
-20457
-20465
-20469
-20470
-20471
-20472
-20473
-20474
-20475
-20476
-20477
-20478
-20479
-20487
-20488
-20490
-20491
-20493
-20497
-20517
-20522
-20523
-20524
-20525
-20527
-20528
-20531
-20556
-30000
-30002
-30005
-30020
-30021
-30025
-30030
-30040
-30041
-30050
-30051
-30052
-30053
-30060
-30061
-30070
-30071
-30072
-30073
-30074
-30080
-30081
-30082
-30090
-30104
-30105
-30106